13
M 403.43503,403.45972 C 403.43503,403.45972 380.29223,373.80119 358.62273,339.28433 C 336.95323,304.76748 316.75702,265.3923 316.75702,265.3923 C 299.47275,146.42048 410.1138,164.66446 479.65975,150.33612 C 549.09628,136.03032 623.29013,132.33501 678.13166,169.03275 C 688.80777,181.73309 702.06185,195.49624 701.14289,210.74062 C 700.18524,226.62685 620.30677,314.96075 567.39009,338.74062
27
M 328.64851,391.9541 C 297.84574,333.54739 238.86606,270.25848 282.62603,206.42601 C 326.386,142.59354 379.80022,145.91941 440.82828,147.45971 C 511.4201,91.89871 616.91211,67.234845 708.3339,108.62825 C 800.48576,150.35221 870.93582,187.89634 872.28896,309.97657 C 884.18982,322.12991 896.28704,326.31237 902.4912,357.43724 C 908.86397,389.40798 884.56726,490.61024 840.64851,548.71814
41
M 340.15413,448.04399 C 261.53757,401.32186 213.98214,328.60502 221.93345,266.54241 C 229.88475,204.4798 292.58078,192.18538 337.27772,174.78556 C 415.66072,102.31154 511.69548,71.604552 616.28896,76.987803 C 720.88244,82.371054 796.82144,127.44581 866.53615,204.98781 C 906.18371,224.39068 934.29724,238.45957 944.73868,292.82561 C 955.18013,347.19165 928.85785,413.21733 893.86199,463.86421
55
M 196.46104,426.61766 C 151.28755,349.59276 151.44858,276.16664 189.03863,232.81042 C 226.62868,189.4542 264.35031,190.46887 330.06433,184.15243 C 380.23168,102.07161 474.71581,73.806422 566.75658,72.816361 C 658.79735,71.8263 734.82633,89.728636 824.89133,186.62657 C 854.03114,192.23646 880.038,202.28017 912.31077,231.161 C 944.58354,260.04183 936.71302,294.05037 937.05212,322.70399
69
M 229.41255,459.5496 C 186.32771,390.79022 180.98614,287.46962 204.64639,248.13387 C 227.87144,209.52165 272.52038,198.06588 312.82828,189.16758 C 377.12372,103.3502 488.64264,70.216795 593.27772,81.30241 C 697.80541,92.376651 770.23725,127.38373 829.14289,202.1114 C 853.12099,208.80687 879.74809,219.62744 890.98558,242.38106 C 903.20511,267.09877 868.32109,395.69348 819.07547,450.92039
82
M 243.79458,481.12264 C 225.61362,454.22463 224.17711,423.74998 230.85076,396.26871 C 237.52441,368.78744 255.75235,354.05419 275.43503,340.17882 C 285.59721,165.53372 368.70819,109.8837 491.16537,108.62826 C 613.62255,107.37281 694.32545,119.6917 791.74964,220.80803 C 817.58119,229.54941 845.19687,234.8227 860.78334,263.9541 C 876.74258,293.7822 863.67778,407.14113 803.25525,458.1114
96
M 315.70469,531.45972 C 252.63423,480.94809 237.65568,405.46983 252.42379,357.43725 C 267.25864,309.1876 302.4654,290.92062 341.59233,276.89792 C 371.67602,188.96516 440.05645,129.88527 528.55862,135.9541 C 617.00321,142.01898 666.13334,156.60823 718.40132,216.49343 C 748.06657,227.76868 787.98182,238.43859 800.94026,272.81406 C 814.68628,309.27878 775.39919,436.81222 738.53615,501.25747
